+-------------+-----------+----------+---------------------------+------------------+-------------+
|   Iteration |        x1 |       x2 | Gradient                  |   Function Value |   Step Size |
+=============+===========+==========+===========================+==================+=============+
|           0 |  0        | 10       | [26 14]                   |          60      |   0.0866455 |
+-------------+-----------+----------+---------------------------+------------------+-------------+
|           1 | -2.25278  |  8.78696 | [-1.37996586  2.56279907] |          22.2226 |   2.18001   |
+-------------+-----------+----------+---------------------------+------------------+-------------+
|           2 |  0.755557 |  3.20004 | [6.35571725 3.42230132]   |          12.9878 |   0.0866454 |
+-------------+-----------+----------+---------------------------+------------------+-------------+
|           3 |  0.204863 |  2.90351 | [-0.33732951  0.62647189] |          10.7304 |   2.18002   |
+-------------+-----------+----------+---------------------------+------------------+-------------+
|           4 |  0.940248 |  1.53779 | [1.55363625 0.83656973]   |          10.1785 |   0.0866454 |
+-------------+-----------+----------+---------------------------+------------------+-------------+
|           5 |  0.805633 |  1.4653  | [-0.08245842  0.15313788] |          10.0436 |   2.18005   |
+-------------+-----------+----------+---------------------------+------------------+-------------+
|           6 |  0.985396 |  1.13146 | [0.37978275 0.20449526]   |          10.0107 |   0.0866453 |
+-------------+-----------+----------+---------------------------+------------------+-------------+
|           7 |  0.95249  |  1.11374 | [-0.02015549  0.03743254] |          10.0026 |   2.18018   |
+-------------+-----------+----------+---------------------------+------------------+-------------+
|           8 |  0.996432 |  1.03213 | [0.09283153 0.04998351]   |          10.0006 |   0.0866    |
+-------------+-----------+----------+---------------------------+------------------+-------------+
|           9 |  0.988393 |  1.0278  | [-0.00487486  0.00916953] |          10.0002 |   2.23598   |
+-------------+-----------+----------+---------------------------+------------------+-------------+
|          10 |  0.999293 |  1.0073  | [0.02211463 0.01176417]   |          10      |   0.0866    |
+-------------+-----------+----------+---------------------------+------------------+-------------+
|          11 |  0.997378 |  1.00628 | [-0.00111175  0.0020661 ] |          10      |   0.0866    |
+-------------+-----------+----------+---------------------------+------------------+-------------+
|          12 |  0.997474 |  1.0061  | [-0.00086467  0.00209336] |          10      |   0.0866    |
+-------------+-----------+----------+---------------------------+------------------+-------------+
|          13 |  0.997549 |  1.00592 | [-0.00084101  0.00203032] |          10      |   0.0866    |
+-------------+-----------+----------+---------------------------+------------------+-------------+
|          14 |  0.997622 |  1.00574 | [-0.000816    0.00196999] |          10      |   0.0866    |
+-------------+-----------+----------+---------------------------+------------------+-------------+
|          15 |  0.997693 |  1.00557 | [-0.00079175  0.00191145] |          10      |   0.0866    |
+-------------+-----------+----------+---------------------------+------------------+-------------+
|          16 |  0.997761 |  1.0054  | [-0.00076822  0.00185465] |          10      |   0.0866    |
+-------------+-----------+----------+---------------------------+------------------+-------------+
|          17 |  0.997828 |  1.00524 | [-0.00074539  0.00179953] |          10      |   0.0866    |
+-------------+-----------+----------+---------------------------+------------------+-------------+
|          18 |  0.997892 |  1.00509 | [-0.00072324  0.00174606] |          10      |   0.0866    |
+-------------+-----------+----------+---------------------------+------------------+-------------+
|          19 |  0.997955 |  1.00494 | [-0.00070175  0.00169417] |          10      |   0.0866    |
+-------------+-----------+----------+---------------------------+------------------+-------------+
|          20 |  0.998016 |  1.00479 | [-0.0006809   0.00164383] |          10      |   0.0866    |
+-------------+-----------+----------+---------------------------+------------------+-------------+
|          21 |  0.998075 |  1.00465 | [-0.00066066  0.00159498] |          10      |   0.0866    |
+-------------+-----------+----------+---------------------------+------------------+-------------+
|          22 |  0.998132 |  1.00451 | [-0.00064103  0.00154758] |          10      |   0.0866    |
+-------------+-----------+----------+---------------------------+------------------+-------------+
|          23 |  0.998187 |  1.00438 | [-0.00062198  0.00150159] |          10      |   0.0866    |
+-------------+-----------+----------+---------------------------+------------------+-------------+
|          24 |  0.998241 |  1.00425 | [-0.0006035   0.00145697] |          10      |   0.0866    |
+-------------+-----------+----------+---------------------------+------------------+-------------+